0.5 0.5 0.25
1.5 1.5 0.75

0.0 1.0 0.0
1.0 1.0 0.0
0.0 2.0 0.0
1.0 2.0 0.0

-0.3 0.5 0.4
0.8
0.5
0.01

SE 1
1.0 0.0 0.0
2.0 0.0 0.0
1.0 1.0 0.0
2.0 1.0 0.0

SE 2
1.0 1.0 0.0
2.0 1.0 0.0
1.0 2.0 0.0
2.0 2.0 0.0

SE 3


SE 4
0.0 0.0 0.0
1.0 0.0 0.0
0.0 1.0 0.0
1.0 1.0 0.0

















0.5 0.5 0.25
1.5 1.5 0.75
1.0 0.0 0.0
2.0 0.0 0.0
1.0 1.0 0.0
2.0 1.0 0.0
-0.3 0.5 0.4
0.8
0.5
0.01


// Triangular SE
3.0 1.0 -0.01
3.0 2.0 0.01
0.0 0.0 1.0
6.0 0.0 1.0
3.0 4.0 1.0
-0.3 0.5 0.4
0.8
0.5
0.01
// Triangular SE
3.0 1.0 0.0
3.0 2.0 0.0
0.0 0.0 1.0
6.0 0.0 1.0
3.0 4.0 1.0
-0.3 0.5 0.4
0.8
0.5
0.01
// Rectagular SE
0.5 0. 0.5
0.5 1. 1.5
0. 0. 0.
1. 0. 0.
0. 1. 1.
1. 1. 1.
-0.3 0.5 0.4
0.8
0.5
0.01
